2.500000000000000000e+00 5.234160447788526405e+00 3.351208737157385792e-02 5.174940602781910037e+00 3.456376715579480979e-02 5.113084340292846974e+00 4.800023958273541558e-02
7.500000000000000000e+00 1.843549051450497522e+00 1.281149093587471456e-02 1.705572403340317011e+00 1.184913076980754695e-02 1.658075397704162679e+00 1.303554371708368770e-02
1.250000000000000000e+01 7.888385469685813556e-01 8.532777390744469836e-03 6.654280539988044474e-01 7.107014140973690226e-03 5.679321314844179014e-01 7.416249051912968474e-03
1.750000000000000000e+01 4.258576012212344497e-01 6.268432818496183154e-03 3.464562711801674189e-01 5.215118407092977741e-03 2.517353575985767367e-01 5.310306017547387902e-03
2.250000000000000000e+01 2.562006509902808316e-01 5.029093357654041037e-03 2.051595992203543439e-01 4.123904703069652261e-03 1.318872031414756174e-01 4.396892084188557502e-03
2.750000000000000000e+01 1.658526793420609380e-01 4.192737769047809142e-03 1.301568642851426427e-01 3.607873334805422692e-03 7.429445786434010768e-02 3.751631645031265443e-03
3.250000000000000000e+01 1.128906315612672184e-01 3.664865618273063178e-03 8.636928162572997392e-02 3.157566626375443806e-03 4.318178195909248146e-02 3.450911473799349663e-03
3.750000000000000000e+01 7.980352262845349931e-02 3.241036871126275806e-03 5.924607471716091672e-02 2.767800932148119491e-03 2.514854934560446439e-02 3.157211586194374770e-03
4.250000000000000000e+01 5.782033736358708348e-02 2.897981711467482579e-03 4.146075671997540013e-02 2.516987683720363356e-03 1.407961158197341273e-02 2.911268623813336766e-03
4.750000000000000000e+01 4.266477421790967200e-02 2.615745973904958464e-03 2.940709798961346766e-02 2.338515554791115603e-03 7.134934280983838521e-03 2.680504243607907504e-03
5.250000000000000000e+01 3.215494133444778135e-02 2.436717053742596447e-03 2.122713219620862499e-02 2.158447358635368768e-03 2.870050567420191420e-03 2.515553418236233640e-03
5.750000000000000000e+01 2.469398313283573815e-02 2.260446194891619059e-03 1.554628581210562577e-02 2.012247996644548568e-03 2.156764798413133438e-04 2.390494509510532242e-03
6.250000000000000000e+01 1.909556800483579869e-02 2.117676793091901374e-03 1.136822864092657329e-02 1.897254595461558011e-03 -1.542559466480605433e-03 2.202016121648522201e-03
6.750000000000000000e+01 1.482831187283624973e-02 1.968200955187249419e-03 8.253459973499339616e-03 1.783379095986044067e-03 -2.673456640817879933e-03 2.104828496576383740e-03
7.250000000000000000e+01 1.161387595695764080e-02 1.866854841705696284e-03 5.986211816599132894e-03 1.675613320548628282e-03 -3.280263565907321714e-03 1.990133915092147723e-03
7.750000000000000000e+01 9.163793521221836463e-03 1.797048969839163931e-03 4.353794518377830484e-03 1.589164245759386697e-03 -3.458087820709410901e-03 1.911366788452702930e-03
8.250000000000000000e+01 7.341306083205744078e-03 1.680643924214763642e-03 3.280684750956092306e-03 1.503302697396635430e-03 -3.199245822650706103e-03 1.830560023599335550e-03
8.750000000000000000e+01 6.150813345570005537e-03 1.621531991667139521e-03 2.781441306586615852e-03 1.432729911741916547e-03 -2.528513679531126709e-03 1.753694386146001328e-03
9.250000000000000000e+01 5.657997712688840782e-03 1.549980645040446902e-03 2.859667734215302036e-03 1.389023037965893530e-03 -1.579158634008586727e-03 1.723988979083103086e-03
9.750000000000000000e+01 5.801757218535887571e-03 1.485455485701271412e-03 3.349947110493522572e-03 1.350062591141610669e-03 -6.192398275884648242e-04 1.698784859833640110e-03
1.025000000000000000e+02 5.991808141437091582e-03 1.425650377897750946e-03 3.683263878108923670e-03 1.311280671709912689e-03 -8.280355508585709394e-05 1.667073483683307851e-03
1.075000000000000000e+02 5.546999024182853143e-03 1.363602948075428711e-03 3.359113464426109925e-03 1.267820176523469034e-03 -1.865971444368288599e-04 1.607493390344109669e-03
1.125000000000000000e+02 4.512046956417424884e-03 1.299988076868399635e-03 2.501355020064875787e-03 1.225304043900941236e-03 -7.399967245528072182e-04 1.527265202903543015e-03
1.175000000000000000e+02 3.341384098133902674e-03 1.258138307182481500e-03 1.508907163194208667e-03 1.176966864444364824e-03 -1.438454105902077724e-03 1.471446906959269140e-03
1.225000000000000000e+02 2.322078855976981125e-03 1.211550246584928081e-03 6.442830137232861227e-04 1.137878288746208520e-03 -2.047544898233737056e-03 1.416294107874490824e-03
1.275000000000000000e+02 1.559657028214446722e-03 1.175449701178234250e-03 2.011668566115184040e-05 1.123777558060312870e-03 -2.442836256508462787e-03 1.378131706332888983e-03
1.325000000000000000e+02 1.042003376133391690e-03 1.172978260668116517e-03 -3.707511167891257894e-04 1.100619371081574269e-03 -2.619141270075690288e-03 1.326164017005438192e-03
1.375000000000000000e+02 6.991129653064242014e-04 1.127288782876863325e-03 -5.892480963385677726e-04 1.077534686216643405e-03 -2.626004407054202336e-03 1.306928460169109584e-03
1.425000000000000000e+02 4.799881859920390845e-04 1.091487517106814976e-03 -6.896254046506928616e-04 1.040442694241254257e-03 -2.525834317001548080e-03 1.288671796851316182e-03
1.475000000000000000e+02 3.370707098847394484e-04 1.050828720581998546e-03 -7.250291224017268565e-04 1.015318176730821680e-03 -2.376029827448417064e-03 1.258059617029336219e-03
1.525000000000000000e+02 2.309716014958547057e-04 1.007721191600136849e-03 -7.299750818076739195e-04 9.860114096702937442e-04 -2.207079042181495955e-03 1.237575856260940497e-03
1.575000000000000000e+02 1.551954527245912486e-04 9.750408196583361473e-04 -7.117442992718454181e-04 9.659044466198506542e-04 -2.032294894287030307e-03 1.202296552436211627e-03
