1.09122364572272838569106500241608098635315413819377
2.0515514155031541465809881886727504954081382865184
3.0200045713540866428200782980870470451146956692495
4.1089725504215395460053369643960943277368940696818
5.4877342836006020404080937984022542132605730570382
7.3113138257472559869291745203403652234581941208714
9.7430797473534306689450334107785148448983593470903
12.9887887395567056837079900663974487696418135028734
17.3209896281216835788482896756156541565255304038579
23.103307540560278458773387643829350223737853171073
30.82118408902646655357856100565438395568925854102
41.122696633506917270251520479859944305490424319076
54.873038382641178372361672880977689912901622542086
73.227255938616335374097440874092134704020755998067
97.727362675355791235233287276883054736695533664062
130.431995935746721402954004101188990782503290972152
174.089523740049824478758410673142558446062591566781
232.36916188037851597285829988276090450391265826856
310.16954243515701678807113904030165180440931006506
414.03069048616039725682136949891124455243117886169
552.68406538484293190028510808026725116480892615027
737.78693826412008124385702587058913812715007072023
984.90288593436907822381278541213406356503117425217
1314.81088772070189748503980696142913371101976415597
1755.25315845085228534146111954842252357958101160419
2343.2687639285049752423593737751820986076397094765
3128.3093507919369277936428100778407037019767524587
4176.3991277156148984902684087717942589263718742667
5575.6890965696987346506762860904064311968610208981
7443.8728435096879175660259719427948828232341249699
9938.0878322428346188794144113190900549232296181102
13268.1352749022395467212747530081020593970459636473
17714.1308879194225270427345234439808608724431107086
23650.071667629243304499855893233167308558048731545
31575.301615677859952874951403621214018798361032544
42156.523996294728544496992981776566764275865592766
56283.895145844375300757675169539885562022015971976
75145.91975715578826225959686943714814482629420115
100329.449636233163265489262176882531116559530224387
133953.200309124755822787321512630987855684497544446