# hist
0.000000  0.000000e+00
0.001000  0.000000e+00
0.002000  0.000000e+00
0.003000  0.000000e+00
0.004000  0.000000e+00
0.005000  0.000000e+00
0.006000  0.000000e+00
0.007000  0.000000e+00
0.008000  0.000000e+00
0.009000  0.000000e+00
0.010000  0.000000e+00
0.011000  0.000000e+00
0.012000  0.000000e+00
0.013000  0.000000e+00
0.014000  0.000000e+00
0.015000  0.000000e+00
0.016000  0.000000e+00
0.017000  0.000000e+00
0.018000  0.000000e+00
0.019000  0.000000e+00
0.020000  0.000000e+00
0.021000  0.000000e+00
0.022000  0.000000e+00
0.023000  0.000000e+00
0.024000  0.000000e+00
0.025000  0.000000e+00
0.026000  0.000000e+00
0.027000  0.000000e+00
0.028000  0.000000e+00
0.029000  0.000000e+00
0.030000  0.000000e+00
0.031000  0.000000e+00
0.032000  0.000000e+00
0.033000  0.000000e+00
0.034000  0.000000e+00
0.035000  0.000000e+00
0.036000  0.000000e+00
0.037000  0.000000e+00
0.038000  0.000000e+00
0.039000  0.000000e+00
0.040000  0.000000e+00
0.041000  0.000000e+00
0.042000  0.000000e+00
0.043000  0.000000e+00
0.044000  0.000000e+00
0.045000  0.000000e+00
0.046000  0.000000e+00
0.047000  0.000000e+00
0.048000  0.000000e+00
0.049000  0.000000e+00
0.050000  0.000000e+00
0.051000  0.000000e+00
0.052000  0.000000e+00
0.053000  0.000000e+00
0.054000  0.000000e+00
0.055000  0.000000e+00
0.056000  0.000000e+00
0.057000  0.000000e+00
0.058000  0.000000e+00
0.059000  0.000000e+00
0.060000  0.000000e+00
0.061000  0.000000e+00
0.062000  0.000000e+00
0.063000  0.000000e+00
0.064000  0.000000e+00
0.065000  0.000000e+00
0.066000  0.000000e+00
0.067000  0.000000e+00
0.068000  0.000000e+00
0.069000  0.000000e+00
0.070000  0.000000e+00
0.071000  0.000000e+00
0.072000  0.000000e+00
0.073000  0.000000e+00
0.074000  0.000000e+00
0.075000  0.000000e+00
0.076000  0.000000e+00
0.077000  0.000000e+00
0.078000  0.000000e+00
0.079000  0.000000e+00
0.080000  0.000000e+00
0.081000  0.000000e+00
0.082000  0.000000e+00
0.083000  0.000000e+00
0.084000  0.000000e+00
0.085000  0.000000e+00
0.086000  0.000000e+00
0.087000  0.000000e+00
0.088000  0.000000e+00
0.089000  0.000000e+00
0.090000  0.000000e+00
0.091000  0.000000e+00
0.092000  0.000000e+00
0.093000  0.000000e+00
0.094000  0.000000e+00
0.095000  0.000000e+00
0.096000  0.000000e+00
0.097000  0.000000e+00
0.098000  0.000000e+00
0.099000  0.000000e+00
0.100000  0.000000e+00
0.101000  0.000000e+00
0.102000  0.000000e+00
0.103000  0.000000e+00
0.104000  0.000000e+00
0.105000  0.000000e+00
0.106000  0.000000e+00
0.107000  0.000000e+00
0.108000  0.000000e+00
0.109000  0.000000e+00
0.110000  0.000000e+00
0.111000  0.000000e+00
0.112000  0.000000e+00
0.113000  0.000000e+00
0.114000  0.000000e+00
0.115000  0.000000e+00
0.116000  0.000000e+00
0.117000  0.000000e+00
0.118000  0.000000e+00
0.119000  0.000000e+00
0.120000  0.000000e+00
0.121000  0.000000e+00
0.122000  0.000000e+00
0.123000  0.000000e+00
0.124000  0.000000e+00
0.125000  0.000000e+00
0.126000  0.000000e+00
0.127000  0.000000e+00
0.128000  0.000000e+00
0.129000  0.000000e+00
0.130000  0.000000e+00
0.131000  0.000000e+00
0.132000  0.000000e+00
0.133000  0.000000e+00
0.134000  0.000000e+00
0.135000  0.000000e+00
0.136000  0.000000e+00
0.137000  0.000000e+00
0.138000  0.000000e+00
0.139000  0.000000e+00
0.140000  0.000000e+00
0.141000  0.000000e+00
0.142000  0.000000e+00
0.143000  0.000000e+00
0.144000  0.000000e+00
0.145000  0.000000e+00
0.146000  0.000000e+00
0.147000  0.000000e+00
0.148000  0.000000e+00
0.149000  0.000000e+00
0.150000  0.000000e+00
0.151000  0.000000e+00
0.152000  0.000000e+00
0.153000  0.000000e+00
0.154000  0.000000e+00
0.155000  0.000000e+00
0.156000  0.000000e+00
0.157000  0.000000e+00
0.158000  0.000000e+00
0.159000  0.000000e+00
0.160000  0.000000e+00
0.161000  0.000000e+00
0.162000  0.000000e+00
0.163000  0.000000e+00
0.164000  0.000000e+00
0.165000  0.000000e+00
0.166000  0.000000e+00
0.167000  0.000000e+00
0.168000  0.000000e+00
0.169000  0.000000e+00
0.170000  0.000000e+00
0.171000  0.000000e+00
0.172000  0.000000e+00
0.173000  0.000000e+00
0.174000  0.000000e+00
0.175000  0.000000e+00
0.176000  0.000000e+00
0.177000  0.000000e+00
0.178000  0.000000e+00
0.179000  0.000000e+00
0.180000  0.000000e+00
0.181000  0.000000e+00
0.182000  0.000000e+00
0.183000  0.000000e+00
0.184000  0.000000e+00
0.185000  0.000000e+00
0.186000  0.000000e+00
0.187000  0.000000e+00
0.188000  0.000000e+00
0.189000  0.000000e+00
0.190000  0.000000e+00
0.191000  0.000000e+00
0.192000  0.000000e+00
0.193000  0.000000e+00
0.194000  0.000000e+00
0.195000  0.000000e+00
0.196000  0.000000e+00
0.197000  0.000000e+00
0.198000  0.000000e+00
0.199000  0.000000e+00
0.200000  1.664370e+00
0.201000  1.635732e+00
0.202000  1.679531e+00
0.203000  1.598671e+00
0.204000  1.652578e+00
0.205000  1.553187e+00
0.206000  1.585195e+00
0.207000  1.553187e+00
0.208000  1.698062e+00
0.209000  1.708169e+00
0.210000  1.630678e+00
0.211000  1.615517e+00
0.212000  1.730069e+00
0.213000  1.719961e+00
0.214000  1.753653e+00
0.215000  1.694693e+00
0.216000  1.671108e+00
0.217000  1.657632e+00
0.218000  1.607094e+00
0.219000  1.736807e+00
0.220000  1.780606e+00
0.221000  1.942327e+00
0.222000  1.853044e+00
0.223000  2.097308e+00
0.224000  2.065301e+00
0.225000  2.045086e+00
0.226000  2.109100e+00
0.227000  1.986126e+00
0.228000  2.002972e+00
0.229000  2.011395e+00
0.230000  1.893474e+00
0.231000  2.073724e+00
0.232000  2.058563e+00
0.233000  2.090570e+00
0.234000  2.083832e+00
0.235000  1.986126e+00
0.236000  2.063617e+00
0.237000  2.119208e+00
0.238000  2.051825e+00
0.239000  2.097308e+00
0.240000  1.873259e+00
0.241000  1.831144e+00
0.242000  1.965911e+00
0.243000  2.004656e+00
0.244000  1.886735e+00
0.245000  1.847990e+00
0.246000  1.831144e+00
0.247000  1.942327e+00
0.248000  1.992864e+00
0.249000  1.930534e+00
0.250000  1.950749e+00
0.251000  2.060247e+00
0.252000  2.040032e+00
0.253000  2.048455e+00
0.254000  2.014764e+00
0.255000  1.932219e+00
0.256000  1.809244e+00
0.257000  2.014764e+00
0.258000  1.913689e+00
0.259000  1.996233e+00
0.260000  2.009710e+00
0.261000  2.014764e+00
0.262000  2.011395e+00
0.263000  2.026556e+00
0.264000  2.053509e+00
0.265000  2.068670e+00
0.266000  2.098993e+00
0.267000  2.011395e+00
0.268000  2.043402e+00
0.269000  2.016448e+00
0.270000  2.058563e+00
0.271000  2.040032e+00
0.272000  1.918742e+00
0.273000  2.029925e+00
0.274000  2.115839e+00
0.275000  2.110785e+00
0.276000  2.205122e+00
0.277000  2.102362e+00
0.278000  2.142792e+00
0.279000  2.112470e+00
0.280000  2.142792e+00
0.281000  2.058563e+00
0.282000  2.006341e+00
0.283000  2.119208e+00
0.284000  2.161323e+00
0.285000  2.149531e+00
0.286000  2.287666e+00
0.287000  2.184907e+00
0.288000  2.181538e+00
0.289000  2.201753e+00
0.290000  2.341573e+00
0.291000  2.387057e+00
0.292000  2.516770e+00
0.293000  2.400534e+00
0.294000  2.272505e+00
0.295000  2.525193e+00
0.296000  2.434225e+00
0.297000  2.673436e+00
0.298000  2.553831e+00
0.299000  2.553831e+00
0.300000  2.457810e+00
0.301000  2.382003e+00
0.302000  2.521824e+00
0.303000  2.607738e+00
0.304000  2.754297e+00
0.305000  2.697021e+00
0.306000  2.705444e+00
0.307000  2.548777e+00
0.308000  2.686913e+00
0.309000  2.542039e+00
0.310000  2.656591e+00
0.311000  2.621214e+00
0.312000  2.732397e+00
0.313000  2.727343e+00
0.314000  2.814942e+00
0.315000  2.735766e+00
0.316000  2.811572e+00
0.317000  2.924440e+00
0.318000  2.905909e+00
0.319000  2.951393e+00
0.320000  2.794727e+00
0.321000  2.852002e+00
0.322000  3.057522e+00
0.323000  3.062576e+00
0.324000  2.902540e+00
0.325000  2.983400e+00
0.326000  3.018776e+00
0.327000  3.059206e+00
0.328000  3.038991e+00
0.329000  3.362432e+00
0.330000  3.252934e+00
0.331000  3.160282e+00
0.332000  3.175443e+00
0.333000  3.350640e+00
0.334000  3.515729e+00
0.335000  3.252934e+00
0.336000  3.736410e+00
0.337000  3.492145e+00
0.338000  3.608381e+00
0.339000  3.421392e+00
0.340000  3.544367e+00
0.341000  3.535944e+00
0.342000  3.274833e+00
0.343000  3.443292e+00
0.344000  3.426446e+00
0.345000  3.377593e+00
0.346000  3.185550e+00
0.347000  3.372539e+00
0.348000  3.281572e+00
0.349000  3.239457e+00
0.350000  3.295048e+00
0.351000  3.278202e+00
0.352000  3.214188e+00
0.353000  3.306840e+00
0.354000  3.106375e+00
0.355000  2.941285e+00
0.356000  2.973293e+00
0.357000  3.214188e+00
0.358000  3.364116e+00
0.359000  3.338848e+00
0.360000  3.330425e+00
0.361000  3.315263e+00
0.362000  3.251249e+00
0.363000  3.370855e+00
0.364000  3.239457e+00
0.365000  3.195658e+00
0.366000  3.081106e+00
0.367000  3.193973e+00
0.368000  2.996877e+00
0.369000  3.013723e+00
0.370000  3.109744e+00
0.371000  3.190604e+00
0.372000  3.148489e+00
0.373000  3.175443e+00
0.374000  3.180497e+00
0.375000  3.173758e+00
0.376000  3.099636e+00
0.377000  3.028884e+00
0.378000  3.047414e+00
0.379000  2.870533e+00
0.380000  2.793042e+00
0.381000  2.857056e+00
0.382000  2.956447e+00
0.383000  3.121536e+00
0.384000  2.905909e+00
0.385000  2.873902e+00
0.386000  2.986769e+00
0.387000  2.956447e+00
0.388000  2.897486e+00
0.389000  2.939601e+00
0.390000  2.877271e+00
0.391000  2.769458e+00
0.392000  2.895802e+00
0.393000  2.771142e+00
0.394000  2.890748e+00
0.395000  2.826734e+00
0.396000  2.956447e+00
0.397000  2.904225e+00
0.398000  2.902540e+00
0.399000  2.803150e+00
0.400000  2.953078e+00
0.401000  2.966554e+00
0.402000  2.993508e+00
0.403000  2.852002e+00
0.404000  2.813257e+00
0.405000  2.840210e+00
0.406000  2.798096e+00
0.407000  2.860425e+00
0.408000  2.978346e+00
0.409000  2.951393e+00
0.410000  3.006984e+00
0.411000  2.963185e+00
0.412000  2.757666e+00
0.413000  2.985085e+00
0.414000  2.954762e+00
0.415000  2.875587e+00
0.416000  2.823365e+00
0.417000  2.919386e+00
0.418000  3.008669e+00
0.419000  3.111429e+00
0.420000  3.190604e+00
0.421000  2.939601e+00
0.422000  3.113113e+00
0.423000  3.146805e+00
0.424000  3.116482e+00
0.425000  3.180497e+00
0.426000  3.234403e+00
0.427000  3.178812e+00
0.428000  3.257987e+00
0.429000  3.359063e+00
0.430000  3.345586e+00
0.431000  3.434869e+00
0.432000  3.576374e+00
0.433000  3.517414e+00
0.434000  3.625227e+00
0.435000  3.896445e+00
0.436000  3.869492e+00
0.437000  3.763363e+00
0.438000  3.847592e+00
0.439000  4.036266e+00
0.440000  4.117126e+00
0.441000  4.130603e+00
0.442000  4.438882e+00
0.443000  4.411928e+00
0.444000  4.538272e+00
0.445000  4.566910e+00
0.446000  4.580387e+00
0.447000  4.870135e+00
0.448000  4.875189e+00
0.449000  5.321604e+00
0.450000  5.262644e+00
0.451000  5.176730e+00
0.452000  5.449633e+00
0.453000  5.188522e+00
0.454000  5.205368e+00
0.455000  5.267697e+00
0.456000  5.434471e+00
0.457000  5.360350e+00
0.458000  5.525439e+00
0.459000  5.535546e+00
0.460000  5.762965e+00
0.461000  5.557446e+00
0.462000  5.896048e+00
0.463000  5.781496e+00
0.464000  5.739381e+00
0.465000  5.754542e+00
0.466000  5.936478e+00
0.467000  6.019022e+00
0.468000  6.216119e+00
0.469000  6.386262e+00
0.470000  6.515975e+00
0.471000  6.381208e+00
0.472000  6.686118e+00
0.473000  6.499129e+00
0.474000  6.777086e+00
0.475000  6.504183e+00
0.476000  6.579989e+00
0.477000  6.783824e+00
0.478000  6.679380e+00
0.479000  6.740025e+00
0.480000  6.809093e+00
0.481000  7.068519e+00
0.482000  6.927014e+00
0.483000  6.989343e+00
0.484000  7.078626e+00
0.485000  7.044935e+00
0.486000  7.092103e+00
0.487000  6.987659e+00
0.488000  6.985974e+00
0.489000  7.081995e+00
0.490000  7.274038e+00
0.491000  7.188124e+00
0.492000  7.193178e+00
0.493000  7.610955e+00
0.494000  7.385221e+00
0.495000  7.439128e+00
0.496000  7.760883e+00
0.497000  7.260562e+00
0.498000  7.454289e+00
0.499000  7.585686e+00
0.500000  0.000000e+00
0.501000  0.000000e+00
0.502000  0.000000e+00
0.503000  0.000000e+00
0.504000  0.000000e+00
0.505000  0.000000e+00
0.506000  0.000000e+00
0.507000  0.000000e+00
0.508000  0.000000e+00
0.509000  0.000000e+00
0.510000  0.000000e+00
0.511000  0.000000e+00
0.512000  0.000000e+00
0.513000  0.000000e+00
0.514000  0.000000e+00
0.515000  0.000000e+00
0.516000  0.000000e+00
0.517000  0.000000e+00
0.518000  0.000000e+00
0.519000  0.000000e+00
0.520000  0.000000e+00
0.521000  0.000000e+00
0.522000  0.000000e+00
0.523000  0.000000e+00
0.524000  0.000000e+00
0.525000  0.000000e+00
0.526000  0.000000e+00
0.527000  0.000000e+00
0.528000  0.000000e+00
0.529000  0.000000e+00
0.530000  0.000000e+00
0.531000  0.000000e+00
0.532000  0.000000e+00
0.533000  0.000000e+00
0.534000  0.000000e+00
0.535000  0.000000e+00
0.536000  0.000000e+00
0.537000  0.000000e+00
0.538000  0.000000e+00
0.539000  0.000000e+00
0.540000  0.000000e+00
0.541000  0.000000e+00
0.542000  0.000000e+00
0.543000  0.000000e+00
0.544000  0.000000e+00
0.545000  0.000000e+00
0.546000  0.000000e+00
0.547000  0.000000e+00
0.548000  0.000000e+00
0.549000  0.000000e+00
0.550000  0.000000e+00
0.551000  0.000000e+00
0.552000  0.000000e+00
0.553000  0.000000e+00
0.554000  0.000000e+00
0.555000  0.000000e+00
0.556000  0.000000e+00
0.557000  0.000000e+00
0.558000  0.000000e+00
0.559000  0.000000e+00
0.560000  0.000000e+00
0.561000  0.000000e+00
0.562000  0.000000e+00
0.563000  0.000000e+00
0.564000  0.000000e+00
0.565000  0.000000e+00
0.566000  0.000000e+00
0.567000  0.000000e+00
0.568000  0.000000e+00
0.569000  0.000000e+00
0.570000  0.000000e+00
0.571000  0.000000e+00
0.572000  0.000000e+00
0.573000  0.000000e+00
0.574000  0.000000e+00
0.575000  0.000000e+00
0.576000  0.000000e+00
0.577000  0.000000e+00
0.578000  0.000000e+00
0.579000  0.000000e+00
0.580000  0.000000e+00
0.581000  0.000000e+00
0.582000  0.000000e+00
0.583000  0.000000e+00
0.584000  0.000000e+00
0.585000  0.000000e+00
0.586000  0.000000e+00
0.587000  0.000000e+00
0.588000  0.000000e+00
0.589000  0.000000e+00
0.590000  0.000000e+00
0.591000  0.000000e+00
0.592000  0.000000e+00
0.593000  0.000000e+00
0.594000  0.000000e+00
0.595000  0.000000e+00
0.596000  0.000000e+00
0.597000  0.000000e+00
0.598000  0.000000e+00
0.599000  0.000000e+00
0.600000  0.000000e+00
0.601000  0.000000e+00
0.602000  0.000000e+00
0.603000  0.000000e+00
0.604000  0.000000e+00
0.605000  0.000000e+00
0.606000  0.000000e+00
0.607000  0.000000e+00
0.608000  0.000000e+00
0.609000  0.000000e+00
0.610000  0.000000e+00
0.611000  0.000000e+00
0.612000  0.000000e+00
0.613000  0.000000e+00
0.614000  0.000000e+00
0.615000  0.000000e+00
0.616000  0.000000e+00
0.617000  0.000000e+00
0.618000  0.000000e+00
0.619000  0.000000e+00
0.620000  0.000000e+00
0.621000  0.000000e+00
0.622000  0.000000e+00
0.623000  0.000000e+00
0.624000  0.000000e+00
0.625000  0.000000e+00
0.626000  0.000000e+00
0.627000  0.000000e+00
0.628000  0.000000e+00
0.629000  0.000000e+00
0.630000  0.000000e+00
0.631000  0.000000e+00
0.632000  0.000000e+00
0.633000  0.000000e+00
0.634000  0.000000e+00
0.635000  0.000000e+00
0.636000  0.000000e+00
0.637000  0.000000e+00
0.638000  0.000000e+00
0.639000  0.000000e+00
0.640000  0.000000e+00
0.641000  0.000000e+00
0.642000  0.000000e+00
0.643000  0.000000e+00
0.644000  0.000000e+00
0.645000  0.000000e+00
0.646000  0.000000e+00
0.647000  0.000000e+00
0.648000  0.000000e+00
0.649000  0.000000e+00
0.650000  0.000000e+00
0.651000  0.000000e+00
0.652000  0.000000e+00
0.653000  0.000000e+00
0.654000  0.000000e+00
0.655000  0.000000e+00
0.656000  0.000000e+00
0.657000  0.000000e+00
0.658000  0.000000e+00
0.659000  0.000000e+00
0.660000  0.000000e+00
0.661000  0.000000e+00
0.662000  0.000000e+00
0.663000  0.000000e+00
0.664000  0.000000e+00
0.665000  0.000000e+00
0.666000  0.000000e+00
0.667000  0.000000e+00
0.668000  0.000000e+00
0.669000  0.000000e+00
0.670000  0.000000e+00
0.671000  0.000000e+00
0.672000  0.000000e+00
0.673000  0.000000e+00
0.674000  0.000000e+00
0.675000  0.000000e+00
0.676000  0.000000e+00
0.677000  0.000000e+00
0.678000  0.000000e+00
0.679000  0.000000e+00
0.680000  0.000000e+00
0.681000  0.000000e+00
0.682000  0.000000e+00
0.683000  0.000000e+00
0.684000  0.000000e+00
0.685000  0.000000e+00
0.686000  0.000000e+00
0.687000  0.000000e+00
0.688000  0.000000e+00
0.689000  0.000000e+00
0.690000  0.000000e+00
0.691000  0.000000e+00
0.692000  0.000000e+00
0.693000  0.000000e+00
0.694000  0.000000e+00
0.695000  0.000000e+00
0.696000  0.000000e+00
0.697000  0.000000e+00
0.698000  0.000000e+00
0.699000  0.000000e+00
0.700000  0.000000e+00
0.701000  0.000000e+00
0.702000  0.000000e+00
0.703000  0.000000e+00
0.704000  0.000000e+00
0.705000  0.000000e+00
0.706000  0.000000e+00
0.707000  0.000000e+00
0.708000  0.000000e+00
0.709000  0.000000e+00
0.710000  0.000000e+00
0.711000  0.000000e+00
0.712000  0.000000e+00
0.713000  0.000000e+00
0.714000  0.000000e+00
0.715000  0.000000e+00
0.716000  0.000000e+00
0.717000  0.000000e+00
0.718000  0.000000e+00
0.719000  0.000000e+00
0.720000  0.000000e+00
0.721000  0.000000e+00
0.722000  0.000000e+00
0.723000  0.000000e+00
0.724000  0.000000e+00
0.725000  0.000000e+00
0.726000  0.000000e+00
0.727000  0.000000e+00
0.728000  0.000000e+00
0.729000  0.000000e+00
0.730000  0.000000e+00
0.731000  0.000000e+00
0.732000  0.000000e+00
0.733000  0.000000e+00
0.734000  0.000000e+00
0.735000  0.000000e+00
0.736000  0.000000e+00
0.737000  0.000000e+00
0.738000  0.000000e+00
0.739000  0.000000e+00
0.740000  0.000000e+00
0.741000  0.000000e+00
0.742000  0.000000e+00
0.743000  0.000000e+00
0.744000  0.000000e+00
0.745000  0.000000e+00
0.746000  0.000000e+00
0.747000  0.000000e+00
0.748000  0.000000e+00
0.749000  0.000000e+00
0.750000  0.000000e+00
0.751000  0.000000e+00
0.752000  0.000000e+00
0.753000  0.000000e+00
0.754000  0.000000e+00
0.755000  0.000000e+00
0.756000  0.000000e+00
0.757000  0.000000e+00
0.758000  0.000000e+00
0.759000  0.000000e+00
0.760000  0.000000e+00
0.761000  0.000000e+00
0.762000  0.000000e+00
0.763000  0.000000e+00
0.764000  0.000000e+00
0.765000  0.000000e+00
0.766000  0.000000e+00
0.767000  0.000000e+00
0.768000  0.000000e+00
0.769000  0.000000e+00
0.770000  0.000000e+00
0.771000  0.000000e+00
0.772000  0.000000e+00
0.773000  0.000000e+00
0.774000  0.000000e+00
0.775000  0.000000e+00
0.776000  0.000000e+00
0.777000  0.000000e+00
0.778000  0.000000e+00
0.779000  0.000000e+00
0.780000  0.000000e+00
0.781000  0.000000e+00
0.782000  0.000000e+00
0.783000  0.000000e+00
0.784000  0.000000e+00
0.785000  0.000000e+00
0.786000  0.000000e+00
0.787000  0.000000e+00
0.788000  0.000000e+00
0.789000  0.000000e+00
0.790000  0.000000e+00
0.791000  0.000000e+00
0.792000  0.000000e+00
0.793000  0.000000e+00
0.794000  0.000000e+00
0.795000  0.000000e+00
0.796000  0.000000e+00
0.797000  0.000000e+00
0.798000  0.000000e+00
0.799000  0.000000e+00
0.800000  0.000000e+00
0.801000  0.000000e+00
0.802000  0.000000e+00
0.803000  0.000000e+00
0.804000  0.000000e+00
0.805000  0.000000e+00
0.806000  0.000000e+00
0.807000  0.000000e+00
0.808000  0.000000e+00
0.809000  0.000000e+00
0.810000  0.000000e+00
0.811000  0.000000e+00
0.812000  0.000000e+00
0.813000  0.000000e+00
0.814000  0.000000e+00
0.815000  0.000000e+00
0.816000  0.000000e+00
0.817000  0.000000e+00
0.818000  0.000000e+00
0.819000  0.000000e+00
0.820000  0.000000e+00
0.821000  0.000000e+00
0.822000  0.000000e+00
0.823000  0.000000e+00
0.824000  0.000000e+00
0.825000  0.000000e+00
0.826000  0.000000e+00
0.827000  0.000000e+00
0.828000  0.000000e+00
0.829000  0.000000e+00
0.830000  0.000000e+00
0.831000  0.000000e+00
0.832000  0.000000e+00
0.833000  0.000000e+00
0.834000  0.000000e+00
0.835000  0.000000e+00
0.836000  0.000000e+00
0.837000  0.000000e+00
0.838000  0.000000e+00
0.839000  0.000000e+00
0.840000  0.000000e+00
0.841000  0.000000e+00
0.842000  0.000000e+00
0.843000  0.000000e+00
0.844000  0.000000e+00
0.845000  0.000000e+00
0.846000  0.000000e+00
0.847000  0.000000e+00
0.848000  0.000000e+00
0.849000  0.000000e+00
0.850000  0.000000e+00
0.851000  0.000000e+00
0.852000  0.000000e+00
0.853000  0.000000e+00
0.854000  0.000000e+00
0.855000  0.000000e+00
0.856000  0.000000e+00
0.857000  0.000000e+00
0.858000  0.000000e+00
0.859000  0.000000e+00
0.860000  0.000000e+00
0.861000  0.000000e+00
0.862000  0.000000e+00
0.863000  0.000000e+00
0.864000  0.000000e+00
0.865000  0.000000e+00
0.866000  0.000000e+00
0.867000  0.000000e+00
0.868000  0.000000e+00
0.869000  0.000000e+00
0.870000  0.000000e+00
0.871000  0.000000e+00
0.872000  0.000000e+00
0.873000  0.000000e+00
0.874000  0.000000e+00
0.875000  0.000000e+00
0.876000  0.000000e+00
0.877000  0.000000e+00
0.878000  0.000000e+00
0.879000  0.000000e+00
0.880000  0.000000e+00
0.881000  0.000000e+00
0.882000  0.000000e+00
0.883000  0.000000e+00
0.884000  0.000000e+00
0.885000  0.000000e+00
0.886000  0.000000e+00
0.887000  0.000000e+00
0.888000  0.000000e+00
0.889000  0.000000e+00
0.890000  0.000000e+00
0.891000  0.000000e+00
0.892000  0.000000e+00
0.893000  0.000000e+00
0.894000  0.000000e+00
0.895000  0.000000e+00
0.896000  0.000000e+00
0.897000  0.000000e+00
0.898000  0.000000e+00
0.899000  0.000000e+00
0.900000  0.000000e+00
0.901000  0.000000e+00
0.902000  0.000000e+00
0.903000  0.000000e+00
0.904000  0.000000e+00
0.905000  0.000000e+00
0.906000  0.000000e+00
0.907000  0.000000e+00
0.908000  0.000000e+00
0.909000  0.000000e+00
0.910000  0.000000e+00
0.911000  0.000000e+00
0.912000  0.000000e+00
0.913000  0.000000e+00
0.914000  0.000000e+00
0.915000  0.000000e+00
0.916000  0.000000e+00
0.917000  0.000000e+00
0.918000  0.000000e+00
0.919000  0.000000e+00
0.920000  0.000000e+00
0.921000  0.000000e+00
0.922000  0.000000e+00
0.923000  0.000000e+00
0.924000  0.000000e+00
0.925000  0.000000e+00
0.926000  0.000000e+00
0.927000  0.000000e+00
0.928000  0.000000e+00
0.929000  0.000000e+00
0.930000  0.000000e+00
0.931000  0.000000e+00
0.932000  0.000000e+00
0.933000  0.000000e+00
0.934000  0.000000e+00
0.935000  0.000000e+00
0.936000  0.000000e+00
0.937000  0.000000e+00
0.938000  0.000000e+00
0.939000  0.000000e+00
0.940000  0.000000e+00
0.941000  0.000000e+00
0.942000  0.000000e+00
0.943000  0.000000e+00
0.944000  0.000000e+00
0.945000  0.000000e+00
0.946000  0.000000e+00
0.947000  0.000000e+00
0.948000  0.000000e+00
0.949000  0.000000e+00
0.950000  0.000000e+00
0.951000  0.000000e+00
0.952000  0.000000e+00
0.953000  0.000000e+00
0.954000  0.000000e+00
0.955000  0.000000e+00
0.956000  0.000000e+00
0.957000  0.000000e+00
0.958000  0.000000e+00
0.959000  0.000000e+00
0.960000  0.000000e+00
0.961000  0.000000e+00
0.962000  0.000000e+00
0.963000  0.000000e+00
0.964000  0.000000e+00
0.965000  0.000000e+00
0.966000  0.000000e+00
0.967000  0.000000e+00
0.968000  0.000000e+00
0.969000  0.000000e+00
0.970000  0.000000e+00
0.971000  0.000000e+00
0.972000  0.000000e+00
0.973000  0.000000e+00
0.974000  0.000000e+00
0.975000  0.000000e+00
0.976000  0.000000e+00
0.977000  0.000000e+00
0.978000  0.000000e+00
0.979000  0.000000e+00
0.980000  0.000000e+00
0.981000  0.000000e+00
0.982000  0.000000e+00
0.983000  0.000000e+00
0.984000  0.000000e+00
0.985000  0.000000e+00
0.986000  0.000000e+00
0.987000  0.000000e+00
0.988000  0.000000e+00
0.989000  0.000000e+00
0.990000  0.000000e+00
0.991000  0.000000e+00
0.992000  0.000000e+00
0.993000  0.000000e+00
0.994000  0.000000e+00
0.995000  0.000000e+00
0.996000  0.000000e+00
0.997000  0.000000e+00
0.998000  0.000000e+00
0.999000  0.000000e+00
1.000000  0.000000e+00
1.001000  0.000000e+00
1.002000  0.000000e+00
1.003000  0.000000e+00
1.004000  0.000000e+00
1.005000  0.000000e+00
1.006000  0.000000e+00
1.007000  0.000000e+00
1.008000  0.000000e+00
1.009000  0.000000e+00
1.010000  0.000000e+00
1.011000  0.000000e+00
1.012000  0.000000e+00
1.013000  0.000000e+00
1.014000  0.000000e+00
1.015000  0.000000e+00
1.016000  0.000000e+00
1.017000  0.000000e+00
1.018000  0.000000e+00
1.019000  0.000000e+00
1.020000  0.000000e+00
1.021000  0.000000e+00
1.022000  0.000000e+00
1.023000  0.000000e+00
1.024000  0.000000e+00
1.025000  0.000000e+00
1.026000  0.000000e+00
1.027000  0.000000e+00
1.028000  0.000000e+00
1.029000  0.000000e+00
1.030000  0.000000e+00
1.031000  0.000000e+00
1.032000  0.000000e+00
1.033000  0.000000e+00
1.034000  0.000000e+00
1.035000  0.000000e+00
1.036000  0.000000e+00
1.037000  0.000000e+00
1.038000  0.000000e+00
1.039000  0.000000e+00
1.040000  0.000000e+00
1.041000  0.000000e+00
1.042000  0.000000e+00
1.043000  0.000000e+00
1.044000  0.000000e+00
1.045000  0.000000e+00
1.046000  0.000000e+00
1.047000  0.000000e+00
1.048000  0.000000e+00
1.049000  0.000000e+00
1.050000  0.000000e+00
1.051000  0.000000e+00
1.052000  0.000000e+00
1.053000  0.000000e+00
1.054000  0.000000e+00
1.055000  0.000000e+00
1.056000  0.000000e+00
1.057000  0.000000e+00
1.058000  0.000000e+00
1.059000  0.000000e+00
1.060000  0.000000e+00
1.061000  0.000000e+00
1.062000  0.000000e+00
1.063000  0.000000e+00
1.064000  0.000000e+00
1.065000  0.000000e+00
1.066000  0.000000e+00
1.067000  0.000000e+00
1.068000  0.000000e+00
1.069000  0.000000e+00
1.070000  0.000000e+00
1.071000  0.000000e+00
1.072000  0.000000e+00
1.073000  0.000000e+00
1.074000  0.000000e+00
1.075000  0.000000e+00
1.076000  0.000000e+00
1.077000  0.000000e+00
1.078000  0.000000e+00
1.079000  0.000000e+00
1.080000  0.000000e+00
1.081000  0.000000e+00
1.082000  0.000000e+00
1.083000  0.000000e+00
1.084000  0.000000e+00
1.085000  0.000000e+00
1.086000  0.000000e+00
1.087000  0.000000e+00
1.088000  0.000000e+00
1.089000  0.000000e+00
1.090000  0.000000e+00
1.091000  0.000000e+00
1.092000  0.000000e+00
1.093000  0.000000e+00
1.094000  0.000000e+00
1.095000  0.000000e+00
1.096000  0.000000e+00
1.097000  0.000000e+00
1.098000  0.000000e+00
1.099000  0.000000e+00
1.100000  0.000000e+00
1.101000  0.000000e+00
1.102000  0.000000e+00
1.103000  0.000000e+00
1.104000  0.000000e+00
1.105000  0.000000e+00
1.106000  0.000000e+00
1.107000  0.000000e+00
1.108000  0.000000e+00
1.109000  0.000000e+00
1.110000  0.000000e+00
1.111000  0.000000e+00
1.112000  0.000000e+00
1.113000  0.000000e+00
1.114000  0.000000e+00
1.115000  0.000000e+00
1.116000  0.000000e+00
1.117000  0.000000e+00
1.118000  0.000000e+00
1.119000  0.000000e+00
1.120000  0.000000e+00
1.121000  0.000000e+00
1.122000  0.000000e+00
1.123000  0.000000e+00
1.124000  0.000000e+00
1.125000  0.000000e+00
1.126000  0.000000e+00
1.127000  0.000000e+00
1.128000  0.000000e+00
1.129000  0.000000e+00
1.130000  0.000000e+00
1.131000  0.000000e+00
1.132000  0.000000e+00
1.133000  0.000000e+00
1.134000  0.000000e+00
1.135000  0.000000e+00
1.136000  0.000000e+00
1.137000  0.000000e+00
1.138000  0.000000e+00
1.139000  0.000000e+00
1.140000  0.000000e+00
1.141000  0.000000e+00
1.142000  0.000000e+00
1.143000  0.000000e+00
1.144000  0.000000e+00
1.145000  0.000000e+00
1.146000  0.000000e+00
1.147000  0.000000e+00
1.148000  0.000000e+00
1.149000  0.000000e+00
1.150000  0.000000e+00
1.151000  0.000000e+00
1.152000  0.000000e+00
1.153000  0.000000e+00
1.154000  0.000000e+00
1.155000  0.000000e+00
1.156000  0.000000e+00
1.157000  0.000000e+00
1.158000  0.000000e+00
1.159000  0.000000e+00
1.160000  0.000000e+00
1.161000  0.000000e+00
1.162000  0.000000e+00
1.163000  0.000000e+00
1.164000  0.000000e+00
1.165000  0.000000e+00
1.166000  0.000000e+00
1.167000  0.000000e+00
1.168000  0.000000e+00
1.169000  0.000000e+00
1.170000  0.000000e+00
1.171000  0.000000e+00
1.172000  0.000000e+00
1.173000  0.000000e+00
1.174000  0.000000e+00
1.175000  0.000000e+00
1.176000  0.000000e+00
1.177000  0.000000e+00
1.178000  0.000000e+00
1.179000  0.000000e+00
1.180000  0.000000e+00
1.181000  0.000000e+00
1.182000  0.000000e+00
1.183000  0.000000e+00
1.184000  0.000000e+00
1.185000  0.000000e+00
1.186000  0.000000e+00
1.187000  0.000000e+00
1.188000  0.000000e+00
1.189000  0.000000e+00
1.190000  0.000000e+00
1.191000  0.000000e+00
1.192000  0.000000e+00
1.193000  0.000000e+00
1.194000  0.000000e+00
1.195000  0.000000e+00
1.196000  0.000000e+00
1.197000  0.000000e+00
1.198000  0.000000e+00
1.199000  0.000000e+00
1.200000  0.000000e+00
1.201000  0.000000e+00
1.202000  0.000000e+00
1.203000  0.000000e+00
1.204000  0.000000e+00
1.205000  0.000000e+00
1.206000  0.000000e+00
1.207000  0.000000e+00
1.208000  0.000000e+00
1.209000  0.000000e+00
1.210000  0.000000e+00
1.211000  0.000000e+00
1.212000  0.000000e+00
1.213000  0.000000e+00
1.214000  0.000000e+00
1.215000  0.000000e+00
1.216000  0.000000e+00
1.217000  0.000000e+00
1.218000  0.000000e+00
1.219000  0.000000e+00
1.220000  0.000000e+00
1.221000  0.000000e+00
1.222000  0.000000e+00
1.223000  0.000000e+00
1.224000  0.000000e+00
1.225000  0.000000e+00
1.226000  0.000000e+00
1.227000  0.000000e+00
1.228000  0.000000e+00
1.229000  0.000000e+00
1.230000  0.000000e+00
1.231000  0.000000e+00
1.232000  0.000000e+00
1.233000  0.000000e+00
1.234000  0.000000e+00
1.235000  0.000000e+00
1.236000  0.000000e+00
1.237000  0.000000e+00
1.238000  0.000000e+00
1.239000  0.000000e+00
1.240000  0.000000e+00
1.241000  0.000000e+00
1.242000  0.000000e+00
1.243000  0.000000e+00
1.244000  0.000000e+00
1.245000  0.000000e+00
1.246000  0.000000e+00
1.247000  0.000000e+00
1.248000  0.000000e+00
1.249000  0.000000e+00
1.250000  0.000000e+00
1.251000  0.000000e+00
1.252000  0.000000e+00
1.253000  0.000000e+00
1.254000  0.000000e+00
1.255000  0.000000e+00
1.256000  0.000000e+00
1.257000  0.000000e+00
1.258000  0.000000e+00
1.259000  0.000000e+00
1.260000  0.000000e+00
1.261000  0.000000e+00
1.262000  0.000000e+00
1.263000  0.000000e+00
1.264000  0.000000e+00
1.265000  0.000000e+00
1.266000  0.000000e+00
1.267000  0.000000e+00
1.268000  0.000000e+00
1.269000  0.000000e+00
1.270000  0.000000e+00
1.271000  0.000000e+00
1.272000  0.000000e+00
1.273000  0.000000e+00
1.274000  0.000000e+00
1.275000  0.000000e+00
1.276000  0.000000e+00
1.277000  0.000000e+00
1.278000  0.000000e+00
1.279000  0.000000e+00
1.280000  0.000000e+00
1.281000  0.000000e+00
1.282000  0.000000e+00
1.283000  0.000000e+00
1.284000  0.000000e+00
1.285000  0.000000e+00
1.286000  0.000000e+00
1.287000  0.000000e+00
1.288000  0.000000e+00
1.289000  0.000000e+00
1.290000  0.000000e+00
1.291000  0.000000e+00
1.292000  0.000000e+00
1.293000  0.000000e+00
1.294000  0.000000e+00
1.295000  0.000000e+00
1.296000  0.000000e+00
1.297000  0.000000e+00
1.298000  0.000000e+00
1.299000  0.000000e+00
1.300000  0.000000e+00
1.301000  0.000000e+00
1.302000  0.000000e+00
1.303000  0.000000e+00
1.304000  0.000000e+00
1.305000  0.000000e+00
1.306000  0.000000e+00
1.307000  0.000000e+00
1.308000  0.000000e+00
1.309000  0.000000e+00
1.310000  0.000000e+00
1.311000  0.000000e+00
1.312000  0.000000e+00
1.313000  0.000000e+00
1.314000  0.000000e+00
1.315000  0.000000e+00
1.316000  0.000000e+00
1.317000  0.000000e+00
1.318000  0.000000e+00
1.319000  0.000000e+00
1.320000  0.000000e+00
1.321000  0.000000e+00
1.322000  0.000000e+00
1.323000  0.000000e+00
1.324000  0.000000e+00
1.325000  0.000000e+00
1.326000  0.000000e+00
1.327000  0.000000e+00
1.328000  0.000000e+00
1.329000  0.000000e+00
1.330000  0.000000e+00
1.331000  0.000000e+00
1.332000  0.000000e+00
1.333000  0.000000e+00
1.334000  0.000000e+00
1.335000  0.000000e+00
1.336000  0.000000e+00
1.337000  0.000000e+00
1.338000  0.000000e+00
1.339000  0.000000e+00
1.340000  0.000000e+00
1.341000  0.000000e+00
1.342000  0.000000e+00
1.343000  0.000000e+00
1.344000  0.000000e+00
1.345000  0.000000e+00
1.346000  0.000000e+00
1.347000  0.000000e+00
1.348000  0.000000e+00
1.349000  0.000000e+00
1.350000  0.000000e+00
1.351000  0.000000e+00
1.352000  0.000000e+00
1.353000  0.000000e+00
1.354000  0.000000e+00
1.355000  0.000000e+00
1.356000  0.000000e+00
1.357000  0.000000e+00
1.358000  0.000000e+00
1.359000  0.000000e+00
1.360000  0.000000e+00
1.361000  0.000000e+00
1.362000  0.000000e+00
1.363000  0.000000e+00
1.364000  0.000000e+00
1.365000  0.000000e+00
1.366000  0.000000e+00
1.367000  0.000000e+00
1.368000  0.000000e+00
1.369000  0.000000e+00
1.370000  0.000000e+00
1.371000  0.000000e+00
1.372000  0.000000e+00
1.373000  0.000000e+00
1.374000  0.000000e+00
1.375000  0.000000e+00
1.376000  0.000000e+00
1.377000  0.000000e+00
1.378000  0.000000e+00
1.379000  0.000000e+00
1.380000  0.000000e+00
1.381000  0.000000e+00
1.382000  0.000000e+00
1.383000  0.000000e+00
1.384000  0.000000e+00
1.385000  0.000000e+00
1.386000  0.000000e+00
1.387000  0.000000e+00
1.388000  0.000000e+00
1.389000  0.000000e+00
1.390000  0.000000e+00
1.391000  0.000000e+00
1.392000  0.000000e+00
1.393000  0.000000e+00
1.394000  0.000000e+00
1.395000  0.000000e+00
1.396000  0.000000e+00
1.397000  0.000000e+00
1.398000  0.000000e+00
1.399000  0.000000e+00
1.400000  0.000000e+00
1.401000  0.000000e+00
1.402000  0.000000e+00
1.403000  0.000000e+00
1.404000  0.000000e+00
1.405000  0.000000e+00
1.406000  0.000000e+00
1.407000  0.000000e+00
1.408000  0.000000e+00
1.409000  0.000000e+00
1.410000  0.000000e+00
1.411000  0.000000e+00
1.412000  0.000000e+00
1.413000  0.000000e+00
1.414000  0.000000e+00
1.415000  0.000000e+00
1.416000  0.000000e+00
1.417000  0.000000e+00
1.418000  0.000000e+00
1.419000  0.000000e+00
1.420000  0.000000e+00
1.421000  0.000000e+00
1.422000  0.000000e+00
1.423000  0.000000e+00
1.424000  0.000000e+00
1.425000  0.000000e+00
1.426000  0.000000e+00
1.427000  0.000000e+00
1.428000  0.000000e+00
1.429000  0.000000e+00
1.430000  0.000000e+00
1.431000  0.000000e+00
1.432000  0.000000e+00
1.433000  0.000000e+00
1.434000  0.000000e+00
1.435000  0.000000e+00
1.436000  0.000000e+00
1.437000  0.000000e+00
1.438000  0.000000e+00
1.439000  0.000000e+00
1.440000  0.000000e+00
1.441000  0.000000e+00
1.442000  0.000000e+00
1.443000  0.000000e+00
1.444000  0.000000e+00
1.445000  0.000000e+00
1.446000  0.000000e+00
1.447000  0.000000e+00
1.448000  0.000000e+00
1.449000  0.000000e+00
1.450000  0.000000e+00
1.451000  0.000000e+00
1.452000  0.000000e+00
1.453000  0.000000e+00
1.454000  0.000000e+00
1.455000  0.000000e+00
1.456000  0.000000e+00
1.457000  0.000000e+00
1.458000  0.000000e+00
1.459000  0.000000e+00
1.460000  0.000000e+00
1.461000  0.000000e+00
1.462000  0.000000e+00
1.463000  0.000000e+00
1.464000  0.000000e+00
1.465000  0.000000e+00
1.466000  0.000000e+00
1.467000  0.000000e+00
1.468000  0.000000e+00
1.469000  0.000000e+00
1.470000  0.000000e+00
1.471000  0.000000e+00
1.472000  0.000000e+00
1.473000  0.000000e+00
1.474000  0.000000e+00
1.475000  0.000000e+00
1.476000  0.000000e+00
1.477000  0.000000e+00
1.478000  0.000000e+00
1.479000  0.000000e+00
1.480000  0.000000e+00
1.481000  0.000000e+00
1.482000  0.000000e+00
1.483000  0.000000e+00
1.484000  0.000000e+00
1.485000  0.000000e+00
1.486000  0.000000e+00
1.487000  0.000000e+00
1.488000  0.000000e+00
1.489000  0.000000e+00
1.490000  0.000000e+00
1.491000  0.000000e+00
1.492000  0.000000e+00
1.493000  0.000000e+00
1.494000  0.000000e+00
1.495000  0.000000e+00
1.496000  0.000000e+00
1.497000  0.000000e+00
1.498000  0.000000e+00
1.499000  0.000000e+00
1.500000  0.000000e+00
1.501000  0.000000e+00
1.502000  0.000000e+00
1.503000  0.000000e+00
1.504000  0.000000e+00
1.505000  0.000000e+00
1.506000  0.000000e+00
1.507000  0.000000e+00
1.508000  0.000000e+00
1.509000  0.000000e+00
1.510000  0.000000e+00
1.511000  0.000000e+00
1.512000  0.000000e+00
1.513000  0.000000e+00
1.514000  0.000000e+00
1.515000  0.000000e+00
1.516000  0.000000e+00
1.517000  0.000000e+00
1.518000  0.000000e+00
1.519000  0.000000e+00
1.520000  0.000000e+00
1.521000  0.000000e+00
1.522000  0.000000e+00
1.523000  0.000000e+00
1.524000  0.000000e+00
1.525000  0.000000e+00
1.526000  0.000000e+00
1.527000  0.000000e+00
1.528000  0.000000e+00
1.529000  0.000000e+00
1.530000  0.000000e+00
1.531000  0.000000e+00
1.532000  0.000000e+00
1.533000  0.000000e+00
1.534000  0.000000e+00
1.535000  0.000000e+00
1.536000  0.000000e+00
1.537000  0.000000e+00
1.538000  0.000000e+00
1.539000  0.000000e+00
1.540000  0.000000e+00
1.541000  0.000000e+00
1.542000  0.000000e+00
1.543000  0.000000e+00
1.544000  0.000000e+00
1.545000  0.000000e+00
1.546000  0.000000e+00
1.547000  0.000000e+00
1.548000  0.000000e+00
1.549000  0.000000e+00
1.550000  0.000000e+00
1.551000  0.000000e+00
1.552000  0.000000e+00
1.553000  0.000000e+00
1.554000  0.000000e+00
1.555000  0.000000e+00
1.556000  0.000000e+00
1.557000  0.000000e+00
1.558000  0.000000e+00
1.559000  0.000000e+00
1.560000  0.000000e+00
1.561000  0.000000e+00
1.562000  0.000000e+00
1.563000  0.000000e+00
1.564000  0.000000e+00
1.565000  0.000000e+00
1.566000  0.000000e+00
1.567000  0.000000e+00
1.568000  0.000000e+00
1.569000  0.000000e+00
1.570000  0.000000e+00
1.571000  0.000000e+00
1.572000  0.000000e+00
1.573000  0.000000e+00
1.574000  0.000000e+00
1.575000  0.000000e+00
1.576000  0.000000e+00
1.577000  0.000000e+00
1.578000  0.000000e+00
1.579000  0.000000e+00
1.580000  0.000000e+00
1.581000  0.000000e+00
1.582000  0.000000e+00
1.583000  0.000000e+00
1.584000  0.000000e+00
1.585000  0.000000e+00
1.586000  0.000000e+00
1.587000  0.000000e+00
1.588000  0.000000e+00
1.589000  0.000000e+00
1.590000  0.000000e+00
1.591000  0.000000e+00
1.592000  0.000000e+00
1.593000  0.000000e+00
1.594000  0.000000e+00
1.595000  0.000000e+00
1.596000  0.000000e+00
1.597000  0.000000e+00
1.598000  0.000000e+00
1.599000  0.000000e+00
1.600000  0.000000e+00
1.601000  0.000000e+00
1.602000  0.000000e+00
1.603000  0.000000e+00
1.604000  0.000000e+00
1.605000  0.000000e+00
1.606000  0.000000e+00
1.607000  0.000000e+00
1.608000  0.000000e+00
1.609000  0.000000e+00
1.610000  0.000000e+00
1.611000  0.000000e+00
1.612000  0.000000e+00
1.613000  0.000000e+00
1.614000  0.000000e+00
1.615000  0.000000e+00
1.616000  0.000000e+00
1.617000  0.000000e+00
1.618000  0.000000e+00
1.619000  0.000000e+00
1.620000  0.000000e+00
1.621000  0.000000e+00
1.622000  0.000000e+00
1.623000  0.000000e+00
1.624000  0.000000e+00
1.625000  0.000000e+00
1.626000  0.000000e+00
1.627000  0.000000e+00
1.628000  0.000000e+00
1.629000  0.000000e+00
1.630000  0.000000e+00
1.631000  0.000000e+00
1.632000  0.000000e+00
1.633000  0.000000e+00
1.634000  0.000000e+00
1.635000  0.000000e+00
1.636000  0.000000e+00
1.637000  0.000000e+00
1.638000  0.000000e+00
1.639000  0.000000e+00
1.640000  0.000000e+00
1.641000  0.000000e+00
1.642000  0.000000e+00
1.643000  0.000000e+00
1.644000  0.000000e+00
1.645000  0.000000e+00
1.646000  0.000000e+00
1.647000  0.000000e+00
1.648000  0.000000e+00
1.649000  0.000000e+00
1.650000  0.000000e+00
1.651000  0.000000e+00
1.652000  0.000000e+00
1.653000  0.000000e+00
1.654000  0.000000e+00
1.655000  0.000000e+00
1.656000  0.000000e+00
1.657000  0.000000e+00
1.658000  0.000000e+00
1.659000  0.000000e+00
1.660000  0.000000e+00
1.661000  0.000000e+00
1.662000  0.000000e+00
1.663000  0.000000e+00
1.664000  0.000000e+00
1.665000  0.000000e+00
1.666000  0.000000e+00
1.667000  0.000000e+00
1.668000  0.000000e+00
1.669000  0.000000e+00
1.670000  0.000000e+00
1.671000  0.000000e+00
1.672000  0.000000e+00
1.673000  0.000000e+00
1.674000  0.000000e+00
1.675000  0.000000e+00
1.676000  0.000000e+00
1.677000  0.000000e+00
1.678000  0.000000e+00
1.679000  0.000000e+00
1.680000  0.000000e+00
1.681000  0.000000e+00
1.682000  0.000000e+00
1.683000  0.000000e+00
1.684000  0.000000e+00
1.685000  0.000000e+00
1.686000  0.000000e+00
1.687000  0.000000e+00
1.688000  0.000000e+00
1.689000  0.000000e+00
1.690000  0.000000e+00
1.691000  0.000000e+00
1.692000  0.000000e+00
1.693000  0.000000e+00
1.694000  0.000000e+00
1.695000  0.000000e+00
1.696000  0.000000e+00
1.697000  0.000000e+00
1.698000  0.000000e+00
1.699000  0.000000e+00
1.700000  0.000000e+00
1.701000  0.000000e+00
1.702000  0.000000e+00
1.703000  0.000000e+00
1.704000  0.000000e+00
1.705000  0.000000e+00
1.706000  0.000000e+00
1.707000  0.000000e+00
1.708000  0.000000e+00
1.709000  0.000000e+00
1.710000  0.000000e+00
1.711000  0.000000e+00
1.712000  0.000000e+00
1.713000  0.000000e+00
1.714000  0.000000e+00
1.715000  0.000000e+00
1.716000  0.000000e+00
1.717000  0.000000e+00
1.718000  0.000000e+00
1.719000  0.000000e+00
1.720000  0.000000e+00
1.721000  0.000000e+00
1.722000  0.000000e+00
1.723000  0.000000e+00
1.724000  0.000000e+00
1.725000  0.000000e+00
1.726000  0.000000e+00
1.727000  0.000000e+00
1.728000  0.000000e+00
1.729000  0.000000e+00
1.730000  0.000000e+00
1.731000  0.000000e+00
1.732000  0.000000e+00
1.733000  0.000000e+00
1.734000  0.000000e+00
1.735000  0.000000e+00
1.736000  0.000000e+00
1.737000  0.000000e+00
1.738000  0.000000e+00
1.739000  0.000000e+00
1.740000  0.000000e+00
1.741000  0.000000e+00
1.742000  0.000000e+00
1.743000  0.000000e+00
1.744000  0.000000e+00
1.745000  0.000000e+00
1.746000  0.000000e+00
1.747000  0.000000e+00
1.748000  0.000000e+00
1.749000  0.000000e+00
1.750000  0.000000e+00
1.751000  0.000000e+00
1.752000  0.000000e+00
1.753000  0.000000e+00
1.754000  0.000000e+00
1.755000  0.000000e+00
1.756000  0.000000e+00
1.757000  0.000000e+00
1.758000  0.000000e+00
1.759000  0.000000e+00
1.760000  0.000000e+00
1.761000  0.000000e+00
1.762000  0.000000e+00
1.763000  0.000000e+00
1.764000  0.000000e+00
1.765000  0.000000e+00
1.766000  0.000000e+00
1.767000  0.000000e+00
1.768000  0.000000e+00
1.769000  0.000000e+00
1.770000  0.000000e+00
1.771000  0.000000e+00
1.772000  0.000000e+00
1.773000  0.000000e+00
1.774000  0.000000e+00
1.775000  0.000000e+00
1.776000  0.000000e+00
1.777000  0.000000e+00
1.778000  0.000000e+00
1.779000  0.000000e+00
1.780000  0.000000e+00
1.781000  0.000000e+00
1.782000  0.000000e+00
1.783000  0.000000e+00
1.784000  0.000000e+00
1.785000  0.000000e+00
1.786000  0.000000e+00
1.787000  0.000000e+00
1.788000  0.000000e+00
1.789000  0.000000e+00
1.790000  0.000000e+00
1.791000  0.000000e+00
1.792000  0.000000e+00
1.793000  0.000000e+00
1.794000  0.000000e+00
1.795000  0.000000e+00
1.796000  0.000000e+00
1.797000  0.000000e+00
1.798000  0.000000e+00
1.799000  0.000000e+00
1.800000  0.000000e+00
1.801000  0.000000e+00
1.802000  0.000000e+00
1.803000  0.000000e+00
1.804000  0.000000e+00
1.805000  0.000000e+00
1.806000  0.000000e+00
1.807000  0.000000e+00
1.808000  0.000000e+00
1.809000  0.000000e+00
1.810000  0.000000e+00
1.811000  0.000000e+00
1.812000  0.000000e+00
1.813000  0.000000e+00
1.814000  0.000000e+00
1.815000  0.000000e+00
1.816000  0.000000e+00
1.817000  0.000000e+00
1.818000  0.000000e+00
1.819000  0.000000e+00
1.820000  0.000000e+00
1.821000  0.000000e+00
1.822000  0.000000e+00
1.823000  0.000000e+00
1.824000  0.000000e+00
1.825000  0.000000e+00
1.826000  0.000000e+00
1.827000  0.000000e+00
1.828000  0.000000e+00
1.829000  0.000000e+00
1.830000  0.000000e+00
1.831000  0.000000e+00
1.832000  0.000000e+00
1.833000  0.000000e+00
1.834000  0.000000e+00
1.835000  0.000000e+00
1.836000  0.000000e+00
1.837000  0.000000e+00
1.838000  0.000000e+00
1.839000  0.000000e+00
1.840000  0.000000e+00
1.841000  0.000000e+00
1.842000  0.000000e+00
1.843000  0.000000e+00
1.844000  0.000000e+00
1.845000  0.000000e+00
1.846000  0.000000e+00
1.847000  0.000000e+00
1.848000  0.000000e+00
1.849000  0.000000e+00
1.850000  0.000000e+00
1.851000  0.000000e+00
1.852000  0.000000e+00
1.853000  0.000000e+00
1.854000  0.000000e+00
1.855000  0.000000e+00
1.856000  0.000000e+00
1.857000  0.000000e+00
1.858000  0.000000e+00
1.859000  0.000000e+00
1.860000  0.000000e+00
1.861000  0.000000e+00
1.862000  0.000000e+00
1.863000  0.000000e+00
1.864000  0.000000e+00
1.865000  0.000000e+00
1.866000  0.000000e+00
1.867000  0.000000e+00
1.868000  0.000000e+00
1.869000  0.000000e+00
1.870000  0.000000e+00
1.871000  0.000000e+00
1.872000  0.000000e+00
1.873000  0.000000e+00
1.874000  0.000000e+00
1.875000  0.000000e+00
1.876000  0.000000e+00
1.877000  0.000000e+00
1.878000  0.000000e+00
1.879000  0.000000e+00
1.880000  0.000000e+00
1.881000  0.000000e+00
1.882000  0.000000e+00
1.883000  0.000000e+00
1.884000  0.000000e+00
1.885000  0.000000e+00
1.886000  0.000000e+00
1.887000  0.000000e+00
1.888000  0.000000e+00
1.889000  0.000000e+00
1.890000  0.000000e+00
1.891000  0.000000e+00
1.892000  0.000000e+00
1.893000  0.000000e+00
1.894000  0.000000e+00
1.895000  0.000000e+00
1.896000  0.000000e+00
1.897000  0.000000e+00
1.898000  0.000000e+00
1.899000  0.000000e+00
1.900000  0.000000e+00
1.901000  0.000000e+00
1.902000  0.000000e+00
1.903000  0.000000e+00
1.904000  0.000000e+00
1.905000  0.000000e+00
1.906000  0.000000e+00
1.907000  0.000000e+00
1.908000  0.000000e+00
1.909000  0.000000e+00
1.910000  0.000000e+00
1.911000  0.000000e+00
1.912000  0.000000e+00
1.913000  0.000000e+00
1.914000  0.000000e+00
1.915000  0.000000e+00
1.916000  0.000000e+00
1.917000  0.000000e+00
1.918000  0.000000e+00
1.919000  0.000000e+00
1.920000  0.000000e+00
1.921000  0.000000e+00
1.922000  0.000000e+00
1.923000  0.000000e+00
1.924000  0.000000e+00
1.925000  0.000000e+00
1.926000  0.000000e+00
1.927000  0.000000e+00
1.928000  0.000000e+00
1.929000  0.000000e+00
1.930000  0.000000e+00
1.931000  0.000000e+00
1.932000  0.000000e+00
1.933000  0.000000e+00
1.934000  0.000000e+00
1.935000  0.000000e+00
1.936000  0.000000e+00
1.937000  0.000000e+00
1.938000  0.000000e+00
1.939000  0.000000e+00
1.940000  0.000000e+00
1.941000  0.000000e+00
1.942000  0.000000e+00
1.943000  0.000000e+00
1.944000  0.000000e+00
1.945000  0.000000e+00
1.946000  0.000000e+00
1.947000  0.000000e+00
1.948000  0.000000e+00
1.949000  0.000000e+00
1.950000  0.000000e+00
1.951000  0.000000e+00
1.952000  0.000000e+00
1.953000  0.000000e+00
1.954000  0.000000e+00
1.955000  0.000000e+00
1.956000  0.000000e+00
1.957000  0.000000e+00
1.958000  0.000000e+00
1.959000  0.000000e+00
1.960000  0.000000e+00
1.961000  0.000000e+00
1.962000  0.000000e+00
1.963000  0.000000e+00
1.964000  0.000000e+00
1.965000  0.000000e+00
1.966000  0.000000e+00
1.967000  0.000000e+00
1.968000  0.000000e+00
1.969000  0.000000e+00
1.970000  0.000000e+00
1.971000  0.000000e+00
1.972000  0.000000e+00
1.973000  0.000000e+00
1.974000  0.000000e+00
1.975000  0.000000e+00
1.976000  0.000000e+00
1.977000  0.000000e+00
1.978000  0.000000e+00
1.979000  0.000000e+00
1.980000  0.000000e+00
1.981000  0.000000e+00
1.982000  0.000000e+00
1.983000  0.000000e+00
1.984000  0.000000e+00
1.985000  0.000000e+00
1.986000  0.000000e+00
1.987000  0.000000e+00
1.988000  0.000000e+00
1.989000  0.000000e+00
1.990000  0.000000e+00
1.991000  0.000000e+00
1.992000  0.000000e+00
1.993000  0.000000e+00
1.994000  0.000000e+00
1.995000  0.000000e+00
1.996000  0.000000e+00
1.997000  0.000000e+00
1.998000  0.000000e+00
1.999000  0.000000e+00
2.000000  0.000000e+00
