-2.427019995000000230e-07
-6.226187423099999656e-07
-1.106777162299999896e-06
-1.585890804600000050e-06
-1.937343270900000153e-06
1.574028867900000021e-07
3.654875019700000156e-07
5.104625974799999958e-07
4.110418701400000016e-07
5.222366389799999843e-08
9.135507469800000510e-08
1.125425725499999992e-07
-9.144494786199999519e-08
-6.089006179700000234e-07
-1.282731630900000018e-06
3.913122711700000194e-09
-1.604081067599999978e-07
-6.791320276700000054e-07
-1.543108087699999993e-06
-2.432932990499999799e-06
3.888772144499999951e-08
2.280605368700000115e-08
-2.138658292200000055e-07
-7.882757773400000265e-07
-1.536776668500000065e-06
5.013633356699999496e-07
1.151941224100000045e-06
1.694495991600000025e-06
1.774241244600000020e-06
1.372330312100000102e-06
3.785608321100000100e-07
8.391921592699999931e-07
1.116400664299999897e-06
8.880661329399999833e-07
2.015977018200000003e-07
2.806842803699999896e-07
4.842721598799999771e-07
3.064909010399999923e-07
-3.888934024500000070e-07
-1.292827390199999909e-06
4.565786864499999919e-07
1.011202717799999919e-06
1.315373588399999925e-06
9.761579289299999587e-07
8.981880306099999606e-08
1.090527236000000017e-07
2.175177246799999896e-07
1.269144565000000090e-07
-3.908923377399999934e-07
-1.244927811200000061e-06
-3.506780445800000263e-08
-2.615887995599999904e-07
-8.942564312099999940e-07
-1.938185275900000014e-06
-3.027232812200000168e-06
1.397365355700000055e-07
1.862275508499999983e-07
-1.290943596000000065e-07
-9.490878069300000023e-07
-1.982230741100000151e-06
-9.097676552100000247e-08
-5.756059809599999642e-07
-1.714733616099999906e-06
-3.278565860499999816e-06
-4.587021129000000180e-06
9.674846876900000139e-08
-5.115851178900000160e-08
-7.824094169099999756e-07
-2.088460045499999955e-06
-3.407639791899999845e-06
2.786500301100000131e-07
4.375294437600000129e-07
9.720016668300000446e-08
-8.927716464699999560e-07
-2.097761957200000166e-06
