1.958487357399999920e-12
-9.171184363300000175e-13
-3.180151993300000090e-12
-5.561991932799999866e-13
2.063289801700000018e-12
1.852186121299999907e-12
-8.981539679700000185e-13
-3.112357557699999834e-12
-6.424749437599999938e-13
1.912024338299999818e-12
1.875650025699999982e-12
-8.684844230600000220e-13
-3.083458891499999907e-12
-6.009582627400000153e-13
1.966683298600000189e-12
1.879257493200000198e-12
-8.402503894600000193e-13
-3.041008391499999936e-12
-5.726967979199999689e-13
1.972250451000000028e-12
1.870841235900000092e-12
-8.515848602600000229e-13
-3.034755140099999822e-12
-5.522184832799999511e-13
1.989981355800000159e-12
1.794970300899999917e-12
-8.299954513899999723e-13
-2.969451154400000155e-12
-5.757013619499999564e-13
1.945719973599999942e-12
1.798729449400000055e-12
-8.232370349500000207e-13
-2.968311311699999875e-12
-5.812957645999999681e-13
1.945619577900000010e-12
1.807394811600000016e-12
-8.067358863500000390e-13
-2.949253827899999874e-12
-5.707217343000000096e-13
1.936539795400000178e-12
1.795460932999999983e-12
-8.185428848699999568e-13
-2.929206792399999804e-12
-5.195015989199999661e-13
1.999879585699999977e-12
1.816095396699999980e-12
-8.177059058600000083e-13
-2.974932836000000198e-12
-5.776294809000000483e-13
1.959154957299999988e-12
1.819497873600000102e-12
-8.055637429400000387e-13
-2.952168639799999879e-12
-5.583026755700000256e-13
1.961849495000000038e-12
1.798210870699999903e-12
-8.140194220300000036e-13
-2.929747962300000155e-12
-5.305928165200000056e-13
1.980055932600000180e-12
1.816061268999999955e-12
-7.854778332199999592e-13
-2.909424042300000095e-12
-5.225942491999999521e-13
1.983909741799999889e-12
1.793953011599999995e-12
-7.918771271700000025e-13
-2.886494212100000175e-12
-5.140318716600000391e-13
1.954544720499999912e-12
1.778297240099999944e-12
-7.968983989400000058e-13
-2.851374943300000037e-12
-4.693454635400000077e-13
1.969043112100000051e-12
