1.413562338000000034e-05
3.129146591499999691e-05
4.543585085000000171e-05
4.923976581999999917e-05
4.218030010399999953e-05
1.426714565400000081e-05
3.153818471299999724e-05
4.562252883599999983e-05
4.924480838100000221e-05
4.208118912100000105e-05
1.397845477199999992e-05
3.088910801200000112e-05
4.472571093199999965e-05
4.839120518799999818e-05
4.150063519100000321e-05
1.425617675400000015e-05
3.134698466500000303e-05
4.508215732899999980e-05
4.838343821700000083e-05
4.112605685200000145e-05
1.408657890800000009e-05
3.107117243200000156e-05
4.490067038500000155e-05
4.843839633700000255e-05
4.137772952500000053e-05
1.446893498199999971e-05
3.173722084299999946e-05
4.553712695800000206e-05
4.885218290999999795e-05
4.167860013099999910e-05
1.417177293099999974e-05
3.122797790899999753e-05
4.505816410400000278e-05
4.862173084599999846e-05
4.165424533500000073e-05
1.442099234299999951e-05
3.164061314899999924e-05
4.535701422100000109e-05
4.853944301500000052e-05
4.120377224600000129e-05
1.429449954599999994e-05
3.138707983300000228e-05
4.507618646400000223e-05
4.834126942700000098e-05
4.111925458000000201e-05
1.398384600599999923e-05
3.084058093299999761e-05
4.460583272700000310e-05
4.824457561700000219e-05
4.131787951099999694e-05
1.425970414399999982e-05
3.130923016000000100e-05
4.500411664900000054e-05
4.829395240699999942e-05
4.097898873700000198e-05
1.395354139499999981e-05
3.072854486100000149e-05
4.438737975500000249e-05
4.791752451999999990e-05
4.093472502300000195e-05
1.454378566799999967e-05
3.170553827700000146e-05
4.519049719199999955e-05
4.804274582799999808e-05
4.036974605200000307e-05
1.414682818100000028e-05
3.091690880899999964e-05
4.426348094999999952e-05
4.732817205199999844e-05
4.004578263199999919e-05
1.384404782400000061e-05
3.027875533200000070e-05
4.351303884099999803e-05
4.675007593699999928e-05
3.974954815599999672e-05
