-8.604616121300000610e-11
-3.589352564799999896e-10
-1.244113730200000100e-10
4.615406955600000182e-10
6.087106560699999797e-10
2.457986843299999928e-10
2.210384780199999932e-10
1.220531767200000087e-10
-6.898085984499999782e-11
-4.228010647800000109e-10
1.093537596599999994e-10
1.058719117899999975e-10
-8.824928768500000186e-11
-2.939269675599999825e-10
-5.091608252100000457e-10
2.391360676500000234e-10
2.910696405200000175e-10
2.290738158499999946e-10
-1.550376522300000026e-10
-5.690635776199999811e-10
1.743096046300000069e-10
2.398698122000000091e-10
5.150734729899999484e-10
3.682527518000000131e-10
-4.269557392799999853e-11
4.857937992599999910e-10
3.950796716399999974e-10
3.158056495400000039e-11
-4.602985104599999811e-10
-5.955395406299999981e-10
3.999374658000000209e-10
3.811076332300000120e-10
2.449707559899999860e-10
1.620634226100000049e-10
1.410180137200000076e-10
5.686516678200000208e-10
7.585923172099999877e-10
8.066974538400000122e-10
9.278548793300000207e-10
1.104158752100000081e-09
6.218222963999999988e-10
9.190877481300000103e-10
1.006451478000000063e-09
1.217619375200000058e-09
1.304637547699999904e-09
4.021433407700000039e-10
3.005398418700000132e-10
7.561328748700000262e-11
1.216005783800000103e-10
3.432286013300000093e-10
5.739539992399999996e-10
5.770785436900000280e-10
5.060724305799999790e-10
4.347181661400000216e-10
3.550997517299999820e-10
7.503342701099999559e-10
7.459373858000000207e-10
4.850001859800000358e-10
3.385416744800000090e-10
4.372376126799999769e-10
8.190074623599999557e-10
6.417797413800000058e-10
4.060459623099999883e-10
6.986032261499999866e-10
7.508194845199999942e-10
1.130975585399999972e-09
1.082735438599999998e-09
5.762262704799999998e-10
1.219895501899999961e-10
-2.288684580999999924e-10
1.451831674299999913e-09
1.249250086900000024e-09
2.792218627200000242e-10
-6.016099477000000480e-10
-1.023697982499999947e-09
