1.140222999999999987e+00
1.482412999999999981e+00
1.927295999999999898e+00
2.505692999999999948e+00
3.257671999999999901e+00
4.235324999999999562e+00
5.506378999999999913e+00
7.158887000000000000e+00
9.307325000000000514e+00
1.210052999999999912e+01
1.573198999999999970e+01
2.045328999999999908e+01
2.659148000000000067e+01
3.457179000000000002e+01
4.494706000000000046e+01
5.843603000000000236e+01
7.597314000000000078e+01
9.877329000000000292e+01
1.284158999999999935e+02
1.669545999999999992e+02
2.170589999999999975e+02
2.822001000000000204e+02
3.668904999999999745e+02
4.769972999999999956e+02
6.201479000000000497e+02
8.062591999999999643e+02
1.048223999999999933e+03
1.362804000000000087e+03
1.771792999999999893e+03
2.303521999999999935e+03
2.994827000000000226e+03
3.893597999999999956e+03
5.062096999999999753e+03
6.581273000000000138e+03
8.556364999999999782e+03
1.112420000000000073e+04
1.446265999999999985e+04
1.880302000000000044e+04
2.444595000000000073e+04
3.178236999999999898e+04
4.132051000000000204e+04
5.372112999999999738e+04
6.984325999999999476e+04
9.080377000000000407e+04
1.180546999999999971e+05
1.534838999999999942e+05
1.995456000000000058e+05
2.594307999999999884e+05
3.372880000000000000e+05
4.385107999999999884e+05
