8.945274807124882304e-05
7.623368572815717272e-05
6.511259288634930330e-06
4.539308889257471176e-06
8.851563590292270775e-07
1.656699155236340361e-06
1.454052118844504905e-06
6.612975912541230075e-05
8.251688399896605627e-06
-3.223555643260927724e-06
1.695879615346337622e-05
5.041677898186900808e-06
4.541214028905129552e-06
1.476432420701415526e-06
9.163848388627423582e-05
6.562445838876999633e-05
2.978287602501941195e-05
1.209476137356338975e-05
8.945500543091578776e-06
3.895293702527161990e-06
1.858705005341323081e-06
9.914760847331034331e-05
4.638526282531857387e-05
1.010710602944559770e-05
1.719370729398943899e-05
8.362753942488180455e-06
2.493677892264421031e-06
1.858428609601106443e-06
8.009029257745071137e-05
3.420382669217354949e-05
2.647073084946229118e-05
1.547213257988482520e-05
7.427215245103975776e-06
2.989325925675813107e-06
2.101525421409120207e-06
2.055832020766609939e-05
2.041285147266931610e-05
2.436605173328699984e-05
1.193921400126201042e-05
9.248919937028281035e-06
2.141365259844470485e-06
1.029186009587155399e-06
9.657765278214841152e-07
5.543704456606871528e-05
3.188553037458146289e-05
1.443913369931276005e-05
9.008330730189575384e-06
4.414323043441708278e-06
1.896290716867438128e-06
6.167922149386150421e-05
5.681299037244009451e-05
4.426707953619279186e-05
2.347492519801464906e-05
1.253201861283409600e-05
4.149746247961903317e-06
3.847397265584539481e-06
8.847046010458622424e-05
6.656923647221162327e-05
4.734790717092067806e-05
1.853312417040339761e-05
9.903573316189434378e-06
7.352668585569571844e-06
3.501454316796103546e-06
1.053040654320621869e-04
6.965715440622462327e-05
3.900532889254277458e-05
1.775623139917553107e-05
1.197039717919446502e-05
8.508427182969127093e-06
4.284158482896755847e-06
1.120389292389538914e-04
9.521926469412978487e-05
6.296330148224177283e-05
2.581575987760627511e-05
1.484747333367176942e-05
1.001107096596908127e-05
4.757840724344837620e-06
1.586045273411371354e-04
9.726263741982684623e-05
5.463165998372102082e-05
2.713922091264012881e-05
1.888367196870942746e-05
9.914492899491330225e-06
5.036580993482137256e-06
1.741652842722185817e-04
1.086899211645519879e-04
5.546052424406406765e-05
3.263648468388252407e-05
2.343684793979257990e-05
1.017439018056249076e-05
4.972148910192665241e-06
1.531161448828551866e-04
1.344907713810148580e-04
7.927088651829351286e-05
3.627893024639459779e-05
2.352165631341898385e-05
1.345192323839682533e-05
6.117938645171519735e-06
2.501552513129439315e-04
1.650416721301049849e-04
7.083632436198571375e-05
4.948207676712964540e-05
2.962016029503653278e-05
1.546264190667803818e-05
8.013676685065753528e-06
-1.475419751013928672e-06
1.051705913355996496e-06
5.543185086234245515e-07
1.457530059975830982e-06
1.656439598436434572e-06
3.263379351083203429e-08
4.116529139437412290e-07
2.644730556548099506e-06
4.063880217316845258e-06
8.377670450783374629e-07
2.209636001706602221e-07
2.394191455590385469e-07
6.434306278052162480e-06
6.927017270659730340e-06
1.426101333374371685e-06
2.390819442011624738e-06
7.321029263683667646e-07
3.522203541962346379e-07
6.557988325328412925e-06
3.052984186836934464e-06
1.668566471951265673e-06
1.180949603019271309e-06
1.522311230613898027e-06
4.034782569734069117e-07
8.389395591371784236e-06
7.443658173282315427e-06
2.263294798968556738e-06
1.498243285808591739e-06
5.399036170306725474e-07
2.397873006182214008e-07
9.110771758049862626e-06
-2.197115280187492490e-06
3.832229149846530751e-06
7.309676389415052797e-07
8.786907295905853443e-08
5.459677637954933180e-07
1.010250952660592786e-05
4.385399718827413557e-06
2.841248316875729511e-06
1.853599712918875253e-06
9.138237159390808541e-07
6.085699709452708752e-07
3.744257581358179798e-06
6.664597919685936039e-06
4.220560489006362080e-06
2.251870965581022264e-06
1.081468426569302454e-06
7.711422539555668542e-07
1.212493636178891529e-05
5.945281229744503052e-06
4.742915905622714413e-06
1.734544802690994412e-06
1.115510810863449704e-06
5.119154223042105700e-07
9.715731661482671108e-06
7.612032614160708476e-06
4.653115956029932702e-06
1.767177903981118676e-06
1.045449915114680734e-06
8.566083254658756427e-07
1.595615955322663969e-05
9.085071939976676014e-06
4.807447864854472337e-06
3.467087356645753457e-06
1.686339075324232384e-06
8.728321890108555883e-07
1.611201291644872070e-05
1.159011639319451504e-05
5.485182261481075263e-06
3.697245486853065496e-06
2.147475729644885704e-06
1.242256990845614162e-06
1.700495922195470610e-05
1.164154285011365875e-05
6.049208689712423428e-06
3.779465484552912751e-06
2.265281390540571959e-06
1.196559836170096395e-06
2.218819909656694596e-05
1.302670928055291424e-05
7.305818384555172694e-06
5.234347155347843469e-06
2.820838886476006240e-06
1.210181678053663243e-06
2.086711561283448326e-05
1.428652255316477448e-05
9.499444322354572758e-06
5.764430410041819089e-06
3.221267528785974496e-06
1.543329129459825606e-06
